UNITS MM,10000;
EDIT proj;
ADD P1 :W0.000000  0.0000,-1.1649 15.0025,-1.1649 15.0025,1.1650 0.0000,1.1650;
ADD P1 :W0.000000  15.0025,1.1650 15.0025,-1.9252 17.3175,-1.9252 17.3175,1.9252 16.1600,1.9252 16.1600,1.1650;
ADD P1 :W0.000000  15.0026,-1.9252 15.0026,-30.0338 17.3175,-30.0338 17.3175,-1.9252;
ADD P1 :W0.000000  17.3175,-33.8842 17.3175,-30.0338 15.0025,-30.0338 15.0025,-33.1240 16.1600,-33.1240 16.1600,-33.8842;
ADD P1 :W0.000000  17.3175,-33.8842 43.7100,-33.8842 43.7100,-30.0338 17.3175,-30.0338;
ADD P1 :W0.000000  46.0250,-33.1240 46.0250,-30.0338 43.7100,-30.0338 43.7100,-33.8842 44.8675,-33.8842 44.8675,-33.1240;
ADD P1 :W0.000000  46.0250,-33.1239 61.0275,-33.1239 61.0275,-30.7940 46.0250,-30.7940;
ADD P1 :W0.000000  43.7101,-1.9252 43.7101,-30.0338 46.0250,-30.0338 46.0250,-1.9252;
ADD P1 :W0.000000  43.7100,1.9252 43.7100,-1.9252 46.0250,-1.9252 46.0250,1.1650 44.8675,1.1650 44.8675,1.9252;
ADD P1 :W0.000000  17.3175,-1.9252 43.7100,-1.9252 43.7100,1.9252 17.3175,1.9252;
ADD P1 :W0.000000  46.0250,-1.1649 61.0275,-1.1649 61.0275,1.1650 46.0250,1.1650;
ADD P1 :W0.000000  0.0000,-33.1239 15.0025,-33.1239 15.0025,-30.7940 0.0000,-30.7940;
SAVE;
